1	8	0.205422	1.028169	1.042857	3.39933e-08	3.25963e-08
1	16	0.396701	1.000000	1.109589	3.77186e-08	3.39933e-08
1	24	0.597102	1.064935	1.222222	4.61005e-08	3.77186e-08
1	32	0.326499	0.954545	1.463415	5.58794e-08	3.81842e-08
1	40	0.095142	0.964286	1.632911	6.00703e-08	3.67872e-08
1	48	-0.723500	0.977273	1.430000	6.65896e-08	4.65661e-08
1	56	-0.672444	0.956522	1.806818	7.40401e-08	4.09782e-08
1	64	0.454873	0.957447	1.872340	8.19564e-08	4.37722e-08
1	72	-1.438607	0.934579	1.942857	9.49949e-08	4.88944e-08
1	80	0.631146	0.912621	2.079208	9.77889e-08	4.70318e-08
1	88	-2.337117	0.908257	2.203883	1.05705e-07	4.79631e-08
1	96	-2.245098	0.838983	2.242991	1.11759e-07	4.98258e-08
1	104	-0.714117	0.903509	2.381818	1.22003e-07	5.12227e-08
1	112	-1.999982	0.847328	2.317460	1.35973e-07	5.86733e-08
1	120	-2.990780	0.824427	2.357143	1.38301e-07	5.86733e-08
1	120	-2.990780	0.859259	1.808140	1.44821e-07	8.00937e-08
1	160	-4.328344	0.841772	2.646667	1.84868e-07	6.98492e-08
1	200	-1.764393	0.820225	2.815029	2.26777e-07	8.05594e-08
1	240	-3.119177	0.786802	2.639423	2.55648e-07	9.68575e-08
1	280	-0.536408	0.990566	2.953052	2.92901e-07	9.91859e-08
1	320	2.892067	0.991379	3.055085	3.35742e-07	1.09896e-07
1	360	2.937993	0.992218	3.116732	3.72995e-07	1.19675e-07
1	400	1.812090	0.989726	3.164384	4.30271e-07	1.35973e-07
1	440	-1.555744	0.993197	3.265101	4.53088e-07	1.38767e-07
1	480	0.151308	1.000000	3.279503	4.91738e-07	1.49943e-07
1	520	-0.677433	0.994100	3.351032	5.28991e-07	1.57859e-07
1	560	-2.443310	0.991597	3.443820	5.70901e-07	1.65775e-07
1	600	-0.278234	0.994987	3.415000	6.36093e-07	1.86265e-07
1	640	3.452921	0.987685	3.367150	6.49132e-07	1.92784e-07
1	680	5.059175	0.992874	3.521429	6.88713e-07	1.95578e-07
1	720	3.737694	0.982143	3.465632	7.27829e-07	2.10013e-07
1	760	5.951969	0.995708	3.523605	7.64616e-07	2.16998e-07
1	800	5.520453	1.000000	3.571429	8.03266e-07	2.24914e-07
1	840	6.603466	0.992481	3.706458	8.81962e-07	2.37953e-07
1	880	10.255632	0.992780	3.577617	9.22941e-07	2.57976e-07
1	920	13.868761	0.994526	3.616088	9.21078e-07	2.54717e-07
1	960	15.671886	0.982609	3.593043	9.62056e-07	2.67755e-07
1	1000	14.658035	0.994941	3.623946	1.00071e-06	2.76137e-07
1	1000	14.658035	0.998390	3.632258	1.04867e-06	2.8871e-07
1	1400	9.240727	0.997509	3.718012	1.39372e-06	3.74857e-07
1	1800	19.369257	1.000000	3.796040	1.78535e-06	4.70318e-07
1	2200	18.160397	0.998371	3.811736	2.1779e-06	5.71366e-07
1	2600	13.788154	0.998614	3.843315	2.56998e-06	6.6869e-07
1	3000	12.985161	0.980193	3.873934	2.96207e-06	7.64616e-07
1	3400	-1.997406	1.002386	3.862661	3.35276e-06	8.67993e-07
1	3800	0.746507	0.972261	3.872987	3.91901e-06	1.01188e-06
1	4200	-0.244507	1.001864	3.810401	4.33298e-06	1.13714e-06
1	4600	3.653791	0.999115	3.510823	4.53182e-06	1.29081e-06
1	5000	-1.291553	0.994547	3.319309	4.92297e-06	1.48313e-06
1	5400	-1.891944	0.998493	3.511678	5.32111e-06	1.51526e-06
1	5800	4.243535	0.992435	3.514179	5.71273e-06	1.62562e-06
1	6200	3.564689	1.004112	3.485775	6.10482e-06	1.75135e-06
1	6600	10.290324	1.002681	3.498495	6.49691e-06	1.85706e-06
1	7000	20.644974	0.994947	3.495864	6.8876e-06	1.97021e-06
1	7400	18.363852	0.996884	3.512239	7.28294e-06	2.07359e-06
1	7800	12.876511	0.976906	3.352319	7.6741e-06	2.28919e-06
1	8200	7.707739	1.002798	3.459940	8.06386e-06	2.33063e-06
1	8600	6.557306	1.001675	3.524499	8.84291e-06	2.50898e-06
1	9000	4.668266	0.997058	3.529532	8.84896e-06	2.50712e-06
1	9400	1.528246	1.046741	3.517816	9.24058e-06	2.6268e-06
1	9800	-5.614679	0.991904	3.512307	9.635e-06	2.74321e-06
1	10000	-10.810564	0.992710	3.489995	9.82732e-06	2.81585e-06
1	11000	-8.621110	0.992903	3.537407	1.08108e-05	3.05614e-06
1	12000	-8.311495	0.998866	3.497928	1.17929e-05	3.37139e-06
1	13000	-24.729101	0.996816	3.540010	1.27722e-05	3.60794e-06
1	14000	-23.647423	0.992456	3.494911	1.37519e-05	3.93484e-06
1	15000	-18.527924	0.988671	3.549136	1.47321e-05	4.1509e-06
1	16000	-15.379010	0.982726	3.488937	1.57137e-05	4.50388e-06
1	17000	4.959266	0.983817	3.358501	1.66949e-05	4.97093e-06
1	18000	5.302954	1.000152	3.490757	1.76742e-05	5.06314e-06
1	19000	20.959208	0.984597	3.445266	1.86567e-05	5.41518e-06
1	20000	11.186167	0.983108	3.498756	1.96388e-05	5.61308e-06
1	21000	9.346811	0.985314	3.518836	2.06167e-05	5.85895e-06
1	22000	3.083966	0.971649	3.404769	2.16099e-05	6.34696e-06
1	23000	-15.206891	0.941391	3.376764	2.36179e-05	6.99423e-06
1	24000	-35.450989	0.977814	3.498375	2.35611e-05	6.73486e-06
1	25000	-38.020897	0.969042	3.439021	2.45417e-05	7.13626e-06
1	26000	-31.326469	0.967284	3.353279	2.5521e-05	7.61077e-06
1	27000	-13.041056	0.968840	3.338958	2.65362e-05	7.94744e-06
1	28000	-24.958420	0.968827	3.287551	2.74978e-05	8.36421e-06
1	29000	-22.770336	0.966116	3.287673	2.84771e-05	8.66177e-06
1	30000	-22.473833	0.971895	3.401634	2.9461e-05	8.66083e-06
1	31000	-4.154719	0.961438	3.344752	3.18279e-05	9.51579e-06
1	32000	4.149588	0.954937	3.330734	3.14247e-05	9.43476e-06
1	33000	8.842592	0.962820	3.171721	3.24338e-05	1.02259e-05
1	34000	12.212957	0.960337	3.190353	3.33879e-05	1.04653e-05
1	35000	17.661886	0.967097	3.119141	3.43667e-05	1.1018e-05
1	36000	20.417648	0.958285	3.071475	3.53591e-05	1.15121e-05
1	37000	6.365497	0.963019	2.939424	3.63342e-05	1.2361e-05
1	38000	28.660599	0.973606	3.182295	3.7312e-05	1.17249e-05
1	39000	25.846004	0.965356	3.104207	3.83132e-05	1.23424e-05
1	40000	34.060738	0.975357	2.986658	3.9299e-05	1.31582e-05
1	41000	31.485828	0.972977	2.952905	4.02629e-05	1.3635e-05
1	42000	22.500921	0.977837	3.024618	4.12506e-05	1.36383e-05
1	43000	22.946960	0.975583	3.022027	4.22299e-05	1.3974e-05
1	44000	34.644501	0.973337	2.978475	4.51691e-05	1.51652e-05
1	45000	21.302757	0.978920	3.033545	4.6195e-05	1.52281e-05
1	46000	26.866570	0.974155	2.971309	4.7212e-05	1.58893e-05
1	47000	19.987862	0.977760	2.949930	4.61456e-05	1.5643e-05
1	48000	9.300736	0.979908	2.930180	4.7137e-05	1.60867e-05
1	49000	5.195059	0.976033	2.922339	4.81172e-05	1.64653e-05
1	50000	2.595418	0.976414	2.876265	4.90891e-05	1.7067e-05
1	51000	5.971176	0.978924	2.893488	5.00688e-05	1.7304e-05
1	52000	6.515575	0.970893	2.738673	5.10602e-05	1.86441e-05
1	53000	25.651880	0.977351	2.944183	5.44051e-05	1.84788e-05
1	54000	24.360313	0.975510	2.850612	5.30211e-05	1.85999e-05
1	55000	8.358536	0.979641	2.887420	5.39948e-05	1.87e-05
1	56000	14.292461	0.975969	2.859824	5.49969e-05	1.92309e-05
1	57000	29.944986	0.976069	2.855510	5.59618e-05	1.95978e-05
1	58000	13.945301	0.977331	2.852687	5.69453e-05	1.9962e-05
1	59000	21.331665	0.975215	2.928264	5.7918e-05	1.9779e-05
1	60000	32.100994	0.978257	2.884885	5.88978e-05	2.0416e-05
1	61000	31.703392	0.980979	2.862753	5.98803e-05	2.0917e-05
1	62000	29.132298	0.983302	2.866838	6.08629e-05	2.123e-05
1	63000	25.334934	0.976405	2.883384	6.18398e-05	2.1447e-05
1	64000	46.393242	0.978469	2.864183	6.28191e-05	2.19326e-05
1	65000	42.769554	0.987643	2.869621	6.3811e-05	2.22367e-05
1	66000	35.911034	0.976331	2.884572	6.47828e-05	2.24584e-05
1	67000	33.777145	0.980524	2.881092	6.57672e-05	2.28272e-05
1	68000	27.024311	0.977015	2.874095	6.67451e-05	2.3223e-05
1	69000	27.663586	0.980563	2.884747	7.08061e-05	2.4545e-05
1	70000	28.847748	0.975036	2.879000	6.87051e-05	2.38642e-05
1	71000	64.374710	0.976804	2.819927	6.96918e-05	2.4714e-05
1	72000	77.100677	0.976193	2.809385	7.06767e-05	2.51574e-05
1	73000	75.420547	0.946849	2.795063	7.16518e-05	2.56351e-05
1	74000	92.689926	0.974114	2.698096	7.26362e-05	2.69213e-05
1	75000	100.154388	0.975089	2.853129	7.36159e-05	2.58018e-05
1	76000	93.381424	0.978025	2.812606	7.45952e-05	2.65217e-05
1	77000	109.004868	0.975928	2.853313	7.55792e-05	2.64882e-05
1	78000	107.283554	0.970316	2.702987	7.6564e-05	2.83257e-05
1	79000	99.898315	0.977326	2.819376	7.7541e-05	2.75029e-05
1	80000	109.209450	0.982379	2.839373	8.20919e-05	2.8912e-05
1	81000	109.852203	1.029361	2.818998	7.9501e-05	2.82018e-05
1	82000	109.944687	0.976746	2.855116	8.0477e-05	2.81869e-05
1	83000	141.512436	0.970647	2.860261	8.14651e-05	2.84817e-05
1	84000	158.939575	0.977258	2.827604	8.584e-05	3.03579e-05
1	85000	151.316864	0.974641	2.838093	8.72263e-05	3.07341e-05
1	86000	155.339462	0.976991	2.749314	8.82386e-05	3.20948e-05
1	87000	141.341522	0.976287	2.836932	8.92673e-05	3.14661e-05
1	88000	142.420517	0.961674	2.750277	9.02917e-05	3.28301e-05
1	89000	126.461349	0.977646	2.805172	8.73418e-05	3.1136e-05
1	90000	112.623093	0.977089	2.747662	9.23388e-05	3.36063e-05
1	91000	107.925835	0.976484	2.707365	8.93078e-05	3.2987e-05
1	92000	102.695023	0.976283	2.877167	9.02801e-05	3.13781e-05
1	93000	118.136581	0.980560	2.864191	9.1264e-05	3.18638e-05
1	94000	105.174423	0.977936	2.849440	9.64398e-05	3.38452e-05
1	95000	112.393311	0.975385	2.836855	9.74657e-05	3.4357e-05
1	96000	109.528412	0.985812	2.925200	0.00018054	6.17187e-05
1	97000	115.748634	0.983436	2.913096	0.000182427	6.26231e-05
1	98000	97.109482	0.986782	2.964593	0.000184302	6.21676e-05
1	99000	71.874619	0.984293	2.936864	0.000186176	6.33928e-05
1	100000	61.391212	0.982456	2.936615	0.000188061	6.40401e-05
