1	8	0.205422	1.082192	1.082192	3.67872e-08	3.39933e-08
1	16	0.396701	1.237500	1.178571	4.61005e-08	3.91155e-08
1	24	0.597102	1.271605	1.303797	4.79631e-08	3.67872e-08
1	32	0.326499	1.361446	1.414634	5.40167e-08	3.81842e-08
1	40	0.095142	1.433333	1.600000	6.33299e-08	3.95812e-08
1	48	-0.723500	1.427083	1.767442	7.07805e-08	4.00469e-08
1	56	-0.672444	1.514851	1.791667	8.00937e-08	4.47035e-08
1	64	0.454873	1.582524	1.891089	8.89413e-08	4.70318e-08
1	72	-1.438607	1.990826	2.087379	1.00117e-07	4.79631e-08
1	80	0.631146	2.142857	2.016949	1.10827e-07	5.4948e-08
1	88	-2.337117	2.215517	2.276786	1.18744e-07	5.21541e-08
1	96	-2.245098	2.313559	2.142857	1.25729e-07	5.86733e-08
1	104	-0.714117	2.281250	2.416667	1.35042e-07	5.58794e-08
1	112	-1.999982	2.358779	2.375000	1.41561e-07	5.96046e-08
1	120	-2.990780	2.376812	2.473282	1.50874e-07	6.10016e-08
1	120	-2.990780	2.414815	2.488550	1.51806e-07	6.10016e-08
1	160	-4.328344	2.546584	2.715232	1.90921e-07	7.03149e-08
1	200	-1.764393	2.797753	2.829545	2.31899e-07	8.19564e-08
1	240	-3.119177	2.920792	2.984772	2.73809e-07	9.17353e-08
1	280	-0.536408	3.035556	2.982379	3.15253e-07	1.05705e-07
1	320	2.892067	3.072289	3.035857	3.54834e-07	1.16881e-07
1	360	2.937993	3.170370	3.162963	3.97675e-07	1.25729e-07
1	400	1.812090	3.236301	3.226027	4.38653e-07	1.35973e-07
1	440	-1.555744	3.343042	3.323625	4.78234e-07	1.43889e-07
1	480	0.151308	3.340299	3.360360	5.21075e-07	1.55065e-07
1	520	-0.677433	3.387640	3.365922	5.61122e-07	1.66707e-07
1	560	-2.443310	3.444149	3.390052	6.03031e-07	1.77883e-07
1	600	-0.278234	3.476190	3.453865	6.44941e-07	1.8673e-07
1	640	3.452921	3.456471	3.468085	6.83125e-07	1.96975e-07
1	680	5.059175	3.476615	3.472160	7.25966e-07	2.09082e-07
1	720	3.737694	3.538627	3.519231	7.66944e-07	2.17929e-07
1	760	5.951969	3.543967	3.548057	8.07922e-07	2.27708e-07
1	800	5.520453	3.583497	3.544747	8.48435e-07	2.3935e-07
1	840	6.603466	3.598870	3.601887	8.88947e-07	2.468e-07
1	880	10.255632	3.598921	3.595324	9.30857e-07	2.58908e-07
1	920	13.868761	3.606218	3.594828	9.70904e-07	2.70084e-07
1	960	15.671886	3.649916	3.634391	1.01374e-06	2.78931e-07
1	1000	14.658035	3.624000	3.619200	1.05333e-06	2.91038e-07
1	1000	14.658035	3.644695	3.635048	1.05286e-06	2.89641e-07
1	1400	9.240727	3.737218	3.722749	1.46311e-06	3.93018e-07
1	1800	19.369257	3.814394	3.774648	1.87196e-06	4.95929e-07
1	2200	18.160397	3.835938	3.841034	2.28407e-06	5.94649e-07
1	2600	13.788154	3.826948	3.849634	2.69432e-06	6.99889e-07
1	3000	12.985161	3.121552	3.872167	3.10317e-06	8.01403e-07
1	3400	-1.997406	2.873480	3.877247	3.51528e-06	9.06643e-07
1	3800	0.746507	2.878240	3.885306	3.92785e-06	1.01095e-06
1	4200	-0.244507	2.887581	3.832991	4.33903e-06	1.13202e-06
1	4600	3.653791	2.885213	3.496571	4.74788e-06	1.35787e-06
1	5000	-1.291553	2.894489	3.504904	5.15906e-06	1.47196e-06
1	5400	-1.891944	2.875721	3.526688	5.56884e-06	1.57906e-06
1	5800	4.243535	2.900181	3.520702	5.97909e-06	1.69827e-06
1	6200	3.564689	2.858571	2.547327	6.3912e-06	2.50898e-06
1	6600	10.290324	2.891507	3.511544	6.79912e-06	1.93622e-06
1	7000	20.644974	2.907606	3.513274	7.20983e-06	2.05217e-06
1	7400	18.363852	2.860689	3.496687	7.61868e-06	2.17883e-06
1	7800	12.876511	2.886212	3.527511	8.03079e-06	2.27662e-06
1	8200	7.707739	2.510997	3.449286	8.44058e-06	2.44705e-06
1	8600	6.557306	2.898871	3.524666	8.84989e-06	2.51085e-06
1	9000	4.668266	2.888631	3.502289	9.2634e-06	2.64496e-06
1	9400	1.528246	2.876212	3.520936	9.67178e-06	2.74694e-06
1	9800	-5.614679	2.893697	3.523438	1.00806e-05	2.86102e-06
1	10000	-10.810564	2.854780	3.492884	1.0286e-05	2.94484e-06
1	11000	-8.621110	2.892725	3.533595	1.13142e-05	3.20189e-06
1	12000	-8.311495	2.866898	3.498283	1.23349e-05	3.52599e-06
1	13000	-24.729101	2.918760	3.541718	1.33622e-05	3.77279e-06
1	14000	-23.647423	2.872386	3.503118	1.43861e-05	4.10667e-06
1	15000	-18.527924	2.849729	3.535726	1.54157e-05	4.35999e-06
1	16000	-15.379010	2.726979	3.496187	1.64383e-05	4.70178e-06
1	17000	4.959266	2.650925	3.530835	1.74628e-05	4.94579e-06
1	18000	5.302954	2.593646	3.490775	1.85017e-05	5.30016e-06
1	19000	20.959208	2.635051	3.515588	1.95336e-05	5.55627e-06
1	20000	11.186167	2.549039	3.429802	2.0579e-05	6.00005e-06
1	21000	9.346811	2.418960	3.447920	2.16109e-05	6.2678e-06
1	22000	3.083966	2.538289	3.398895	2.26363e-05	6.65989e-06
1	23000	-15.206891	2.524483	3.449121	2.36598e-05	6.85966e-06
1	24000	-35.450989	2.382659	3.419563	2.46959e-05	7.22194e-06
1	25000	-38.020897	2.381724	3.526215	2.56812e-05	7.28294e-06
1	26000	-31.326469	2.326090	3.324720	2.67806e-05	8.05501e-06
1	27000	-13.041056	2.269367	3.386404	2.78121e-05	8.21287e-06
1	28000	-24.958420	2.260852	3.307914	2.88449e-05	8.71997e-06
1	29000	-22.770336	2.279736	3.376020	2.9868e-05	8.8471e-06
1	30000	-22.473833	2.260283	3.366947	3.09087e-05	9.18005e-06
1	31000	-4.154719	2.219060	3.126551	3.20286e-05	1.02441e-05
1	32000	4.149588	2.171220	3.299651	3.29968e-05	1.00001e-05
1	33000	8.842592	2.143647	3.153448	3.40678e-05	1.08033e-05
1	34000	12.212957	1.953037	3.264209	3.5088e-05	1.07493e-05
1	35000	17.661886	2.030299	3.150675	3.61637e-05	1.14781e-05
1	36000	20.417648	2.092730	3.153369	3.7177e-05	1.17896e-05
1	37000	6.365497	2.011647	3.034832	3.82187e-05	1.25933e-05
1	38000	28.660599	2.046925	3.112166	3.92259e-05	1.26041e-05
1	39000	25.846004	2.020067	2.950141	4.03379e-05	1.36732e-05
1	40000	34.060738	1.971314	3.098664	4.13731e-05	1.33519e-05
1	41000	31.485828	1.976552	3.142428	4.23701e-05	1.34832e-05
1	42000	22.500921	1.984969	2.856907	4.34453e-05	1.52071e-05
1	43000	22.946960	1.875759	2.979362	4.44348e-05	1.49142e-05
1	44000	34.644501	1.977309	3.014199	4.54723e-05	1.5086e-05
1	45000	21.302757	1.977309	3.019013	4.65079e-05	1.5405e-05
1	46000	26.866570	1.947742	2.908048	4.75529e-05	1.63522e-05
1	47000	19.987862	1.970351	2.982251	4.85871e-05	1.62921e-05
1	48000	9.300736	1.952177	2.836101	4.96199e-05	1.74958e-05
1	49000	5.195059	1.949674	3.026103	5.0636e-05	1.67331e-05
1	50000	2.595418	1.916785	2.823887	5.1714e-05	1.83131e-05
1	51000	5.971176	1.947701	2.900466	5.2745e-05	1.8185e-05
1	52000	6.515575	1.941950	2.773366	5.38328e-05	1.94106e-05
1	53000	25.651880	1.827749	2.898965	5.47939e-05	1.89012e-05
1	54000	24.360313	1.932980	2.775759	5.58491e-05	2.01203e-05
1	55000	8.358536	1.949037	2.861467	5.6874e-05	1.98758e-05
1	56000	14.292461	1.938489	2.842288	5.78891e-05	2.03671e-05
1	57000	29.944986	1.947014	2.780384	5.8942e-05	2.11992e-05
1	58000	13.945301	1.940432	2.828000	5.99646e-05	2.12039e-05
1	59000	21.331665	1.947987	2.831963	6.09388e-05	2.15182e-05
1	60000	32.100994	1.931272	2.896463	6.2034e-05	2.14172e-05
1	61000	31.703392	1.971860	2.793803	6.30617e-05	2.2572e-05
1	62000	29.132298	1.956290	2.831560	6.40722e-05	2.26279e-05
1	63000	25.334934	1.942730	2.806662	6.5132e-05	2.32062e-05
1	64000	46.393242	1.949525	2.781553	6.6184e-05	2.37939e-05
1	65000	42.769554	1.946104	2.921846	6.71819e-05	2.2993e-05
1	66000	35.911034	1.825651	2.770324	6.82492e-05	2.46358e-05
1	67000	33.777145	1.942839	2.778477	6.92871e-05	2.49371e-05
1	68000	27.024311	1.945852	2.881723	7.02851e-05	2.43899e-05
1	69000	27.663586	1.945885	2.896323	7.13398e-05	2.46312e-05
1	70000	28.847748	1.947898	2.908283	7.23521e-05	2.4878e-05
1	71000	64.374710	1.945715	2.877600	7.33817e-05	2.5501e-05
1	72000	77.100677	1.946610	2.849551	7.44299e-05	2.61199e-05
1	73000	75.420547	1.947115	2.874200	7.54739e-05	2.62591e-05
1	74000	92.689926	1.941482	2.887292	7.65128e-05	2.64999e-05
1	75000	100.154388	1.946513	2.859810	7.75331e-05	2.71113e-05
1	76000	93.381424	1.939884	2.858174	7.85561e-05	2.74847e-05
1	77000	109.004868	1.946656	2.858402	7.96006e-05	2.78479e-05
1	78000	107.283554	1.948133	2.901664	8.06162e-05	2.77827e-05
1	79000	99.898315	1.943238	2.935221	8.16346e-05	2.78121e-05
1	80000	109.209450	1.945591	2.898758	8.26763e-05	2.85213e-05
1	81000	109.852203	1.943323	2.857699	8.37329e-05	2.93008e-05
1	82000	109.944687	1.945431	2.862900	8.47531e-05	2.9604e-05
1	83000	141.512436	1.949837	2.859764	8.57869e-05	2.99979e-05
1	84000	158.939575	1.937466	2.894011	8.68291e-05	3.0003e-05
1	85000	151.316864	1.945350	2.764028	8.78987e-05	3.18009e-05
1	86000	155.339462	1.960337	2.901557	8.87741e-05	3.05953e-05
1	87000	141.341522	1.936498	2.851749	8.99327e-05	3.1536e-05
1	88000	142.420517	1.951627	2.827731	9.08831e-05	3.21399e-05
1	89000	126.461349	1.939176	2.767629	9.19839e-05	3.32356e-05
1	90000	112.623093	1.946833	2.859787	9.302e-05	3.25269e-05
1	91000	107.925835	1.941888	2.765594	9.40631e-05	3.40119e-05
1	92000	102.695023	1.943265	2.829626	9.50024e-05	3.35742e-05
1	93000	118.136581	1.940737	2.763394	9.61437e-05	3.47919e-05
1	94000	105.174423	1.934276	2.848990	9.71477e-05	3.4099e-05
1	95000	112.393311	1.930005	2.765621	9.82289e-05	3.55178e-05
1	96000	109.528412	1.962492	2.835698	9.91109e-05	3.49511e-05
1	97000	115.748634	1.948861	2.856345	0.000100246	3.5096e-05
1	98000	97.109482	1.944620	2.861311	0.000101288	3.53991e-05
1	99000	71.874619	1.919578	2.768712	0.000102334	3.69609e-05
1	100000	61.391212	1.945784	2.858456	0.000103359	3.61591e-05
